1   0.459242
2   0.255712
3   0.159656
4   0.119105
5   0.0870613
6   0.0624698
7   0.0441544
8   0.0308576
9   0.0213919
10   0.014748
11   0.0101299
12   0.00694097
13   0.0047483
14   0.00324495
15   0.00221611
16   0.00151282
17   0.00103244
18   0.00070448
19   0.000480644
20   0.000327905
21   0.000223694
22   0.000152597
23   0.000104096
24   7.10094e-005
25   4.8439e-005
26   3.30425e-005
27   2.25398e-005
28   1.53754e-005
29   1.04882e-005
30   7.15446e-006
31   4.88036e-006
32   3.32911e-006
33   2.27093e-006
34   1.5491e-006
35   1.05671e-006
36   7.20824e-007
37   4.91705e-007
38   3.35413e-007
39   2.288e-007
40   1.56074e-007
41   1.06465e-007
42   7.26243e-008
43   4.95401e-008
44   3.37935e-008
45   2.3052e-008
46   1.57247e-008
47   1.07265e-008
48   7.31702e-009
49   4.99126e-009
50   3.40475e-009
51   2.32253e-009
52   1.5843e-009
53   1.08072e-009
54   7.37204e-010
55   5.02878e-010
56   3.43036e-010
57   2.33999e-010
58   1.59621e-010
59   1.08884e-010
60   7.42756e-011
61   5.06662e-011
62   3.4561e-011
63   2.35764e-011
64   1.6082e-011
65   1.09706e-011
66   7.48457e-012
67   5.10514e-012
68   3.48332e-012
69   2.37754e-012
70   1.6217e-012
71   1.10667e-012
72   7.54952e-013
73   5.15255e-013
74   3.52052e-013
75   2.40918e-013
76   1.64424e-013
77   1.13687e-013
78   7.81597e-014
79   5.39568e-014
80   3.71925e-014
81   2.63123e-014
82   1.92069e-014
83   1.35447e-014
84   1.05471e-014
85   8.32667e-015
86   6.32827e-015
87   5.10703e-015
88   4.10783e-015
89   3.21965e-015
90   2.77556e-015
91   2.55351e-015
92   2.22045e-015
93   1.88738e-015
94   1.77636e-015
95   1.9984e-015
96   1.66533e-015
97   1.77636e-015
98   1.77636e-015
99   1.77636e-015
100   1.66533e-015
101   1.77636e-015
102   1.77636e-015
103   1.77636e-015
104   1.9984e-015
105   1.77636e-015
106   2.10942e-015
107   1.77636e-015
108   2.10942e-015
109   1.77636e-015
110   2.10942e-015
111   1.66533e-015
112   2.10942e-015
113   1.88738e-015
114   1.9984e-015
115   1.66533e-015
116   2.10942e-015
117   1.77636e-015
118   2.10942e-015
119   1.88738e-015
120   2.10942e-015
121   1.88738e-015
122   1.9984e-015
123   1.77636e-015
124   2.10942e-015
125   1.77636e-015
126   1.9984e-015
127   1.88738e-015
128   2.10942e-015
129   1.77636e-015
130   1.9984e-015
131   1.77636e-015
132   2.10942e-015
133   1.88738e-015
134   2.10942e-015
135   1.77636e-015
136   1.9984e-015
137   1.88738e-015
138   2.10942e-015
139   1.77636e-015
140   2.10942e-015
141   1.77636e-015
142   2.10942e-015
143   1.77636e-015
144   2.10942e-015
145   1.88738e-015
146   1.9984e-015
147   1.77636e-015
148   2.10942e-015
149   1.88738e-015
150   2.10942e-015
151   1.77636e-015
152   1.9984e-015
153   1.88738e-015
154   2.10942e-015
155   1.88738e-015
156   1.9984e-015
157   1.77636e-015
158   2.10942e-015
159   1.77636e-015
160   2.10942e-015
161   1.88738e-015
162   2.10942e-015
163   1.77636e-015
164   2.10942e-015
165   1.77636e-015
166   2.10942e-015
167   1.77636e-015
168   1.9984e-015
169   1.77636e-015
170   2.10942e-015
171   1.88738e-015
172   2.10942e-015
173   1.88738e-015
174   1.9984e-015
175   1.77636e-015
176   2.10942e-015
177   1.77636e-015
178   2.10942e-015
179   1.77636e-015
180   2.10942e-015
181   1.77636e-015
182   2.10942e-015
183   1.77636e-015
184   2.10942e-015
185   1.77636e-015
186   1.9984e-015
187   1.88738e-015
188   2.10942e-015
189   1.77636e-015
190   2.10942e-015
191   1.77636e-015
192   2.10942e-015
193   1.77636e-015
194   2.10942e-015
195   1.77636e-015
196   1.9984e-015
197   1.77636e-015
198   2.10942e-015
199   1.77636e-015
200   2.10942e-015
201   1.77636e-015
202   2.10942e-015
203   1.77636e-015
204   2.10942e-015
205   1.77636e-015
206   2.10942e-015
207   1.77636e-015
208   2.10942e-015
209   1.77636e-015
210   2.10942e-015
211   1.77636e-015
212   2.10942e-015
213   1.77636e-015
214   2.10942e-015
215   1.77636e-015
216   2.10942e-015
217   1.77636e-015
218   2.10942e-015
219   1.77636e-015
220   2.10942e-015
221   1.77636e-015
222   2.10942e-015
223   1.77636e-015
224   2.10942e-015
225   1.77636e-015
226   2.10942e-015
227   1.77636e-015
228   2.10942e-015
229   1.77636e-015
230   2.10942e-015
231   1.77636e-015
232   2.10942e-015
233   1.77636e-015
234   2.10942e-015
235   1.88738e-015
236   2.10942e-015
237   1.88738e-015
238   1.9984e-015
239   1.88738e-015
240   2.10942e-015
241   1.88738e-015
242   2.10942e-015
243   1.88738e-015
244   2.10942e-015
245   1.88738e-015
246   2.10942e-015
247   1.77636e-015
248   1.9984e-015
249   1.88738e-015
250   2.10942e-015
251   1.77636e-015
252   1.9984e-015
253   1.77636e-015
254   2.10942e-015
255   1.77636e-015
256   2.10942e-015
257   1.77636e-015
258   1.9984e-015
259   1.88738e-015
260   2.10942e-015
261   1.77636e-015
262   2.10942e-015
263   1.88738e-015
264   1.9984e-015
265   1.88738e-015
266   2.22045e-015
267   1.77636e-015
268   2.10942e-015
269   1.88738e-015
270   1.9984e-015
271   1.88738e-015
272   2.10942e-015
273   1.88738e-015
274   2.10942e-015
275   1.88738e-015
276   2.10942e-015
277   1.88738e-015
278   2.10942e-015
279   1.77636e-015
280   2.10942e-015
281   1.77636e-015
282   2.10942e-015
283   1.88738e-015
284   2.10942e-015
285   1.77636e-015
286   2.10942e-015
287   1.77636e-015
288   2.10942e-015
289   1.88738e-015
290   1.9984e-015
291   1.88738e-015
292   2.10942e-015
293   1.88738e-015
294   2.10942e-015
295   1.77636e-015
296   2.10942e-015
297   1.88738e-015
298   2.10942e-015
299   1.77636e-015
300   1.9984e-015
301   1.77636e-015
302   2.10942e-015
303   1.88738e-015
304   2.10942e-015
305   1.77636e-015
306   2.10942e-015
307   1.77636e-015
308   1.9984e-015
309   1.77636e-015
310   2.10942e-015
311   1.77636e-015
312   2.10942e-015
313   1.77636e-015
314   2.10942e-015
315   1.77636e-015
316   1.9984e-015
317   1.88738e-015
318   2.10942e-015
319   1.77636e-015
320   2.10942e-015
321   1.77636e-015
322   2.10942e-015
323   1.88738e-015
324   1.9984e-015
325   1.77636e-015
326   1.9984e-015
327   1.88738e-015
328   2.10942e-015
329   1.77636e-015
330   1.9984e-015
331   1.77636e-015
332   1.9984e-015
333   1.77636e-015
334   2.10942e-015
335   1.88738e-015
336   2.10942e-015
337   1.77636e-015
338   2.10942e-015
339   1.88738e-015
340   2.10942e-015
341   1.77636e-015
342   2.10942e-015
343   1.77636e-015
344   2.10942e-015
345   1.88738e-015
346   2.10942e-015
347   1.77636e-015
348   2.10942e-015
349   1.77636e-015
350   2.10942e-015
351   1.77636e-015
352   2.10942e-015
353   1.88738e-015
354   2.10942e-015
355   1.77636e-015
356   2.10942e-015
357   1.88738e-015
358   1.9984e-015
359   1.77636e-015
360   2.10942e-015
361   1.77636e-015
362   2.10942e-015
363   1.88738e-015
364   2.10942e-015
365   1.77636e-015
366   2.10942e-015
367   1.77636e-015
368   2.10942e-015
369   1.88738e-015
370   1.9984e-015
371   1.77636e-015
372   2.10942e-015
373   1.77636e-015
374   1.9984e-015
375   1.77636e-015
376   2.10942e-015
377   1.88738e-015
378   2.22045e-015
379   1.88738e-015
380   2.10942e-015
381   1.88738e-015
382   1.9984e-015
383   1.88738e-015
384   2.22045e-015
385   1.77636e-015
386   2.22045e-015
387   1.77636e-015
388   2.10942e-015
389   1.77636e-015
390   1.9984e-015
391   1.77636e-015
392   2.10942e-015
393   1.77636e-015
394   2.10942e-015
395   1.77636e-015
396   2.10942e-015
397   1.88738e-015
398   1.9984e-015
399   1.88738e-015
400   2.10942e-015
401   1.88738e-015
402   2.10942e-015
403   1.77636e-015
404   2.10942e-015
405   1.88738e-015
406   1.9984e-015
407   1.88738e-015
408   2.22045e-015
409   1.77636e-015
410   2.10942e-015
411   1.77636e-015
412   1.9984e-015
413   1.88738e-015
414   2.10942e-015
415   1.77636e-015
416   2.10942e-015
417   1.88738e-015
418   2.22045e-015
419   1.77636e-015
420   2.22045e-015
421   1.88738e-015
422   2.22045e-015
423   1.77636e-015
424   2.22045e-015
425   1.77636e-015
426   2.22045e-015
427   1.77636e-015
428   2.10942e-015
429   1.77636e-015
430   2.10942e-015
431   1.77636e-015
432   2.10942e-015
433   1.77636e-015
434   2.10942e-015
435   1.77636e-015
436   1.9984e-015
437   1.77636e-015
438   2.10942e-015
439   1.77636e-015
440   1.9984e-015
441   1.88738e-015
442   2.10942e-015
443   1.77636e-015
444   2.10942e-015
445   1.77636e-015
446   2.10942e-015
447   1.77636e-015
448   2.10942e-015
449   1.77636e-015
450   2.10942e-015
451   1.77636e-015
452   1.9984e-015
453   1.77636e-015
454   2.10942e-015
455   1.88738e-015
456   1.9984e-015
457   1.88738e-015
458   2.10942e-015
459   1.77636e-015
460   2.10942e-015
461   1.77636e-015
462   2.10942e-015
463   1.77636e-015
464   2.10942e-015
465   1.77636e-015
466   2.10942e-015
467   1.77636e-015
468   2.10942e-015
469   1.77636e-015
470   2.10942e-015
471   1.77636e-015
472   2.10942e-015
473   1.88738e-015
474   2.10942e-015
475   1.77636e-015
476   1.9984e-015
477   1.77636e-015
478   2.10942e-015
479   1.77636e-015
480   2.10942e-015
481   1.88738e-015
482   2.10942e-015
483   1.77636e-015
484   2.10942e-015
485   1.88738e-015
486   2.10942e-015
487   1.88738e-015
488   1.9984e-015
489   1.88738e-015
490   2.10942e-015
491   1.88738e-015
492   1.9984e-015
493   1.77636e-015
494   2.10942e-015
495   1.88738e-015
496   1.9984e-015
497   1.88738e-015
498   2.10942e-015
499   1.88738e-015
500   2.10942e-015
501   1.77636e-015
502   2.10942e-015
503   1.77636e-015
504   2.10942e-015
505   1.88738e-015
506   2.10942e-015
507   1.88738e-015
508   2.10942e-015
509   1.88738e-015
510   2.10942e-015
511   1.77636e-015
512   2.10942e-015
513   1.88738e-015
514   2.10942e-015
515   1.77636e-015
516   2.10942e-015
517   1.88738e-015
518   1.9984e-015
519   1.77636e-015
520   2.10942e-015
521   1.88738e-015
522   2.10942e-015
523   1.88738e-015
524   2.10942e-015
525   1.77636e-015
526   2.10942e-015
527   1.88738e-015
528   2.10942e-015
529   1.88738e-015
530   2.10942e-015
531   1.77636e-015
532   2.10942e-015
533   1.88738e-015
534   2.10942e-015
535   1.77636e-015
536   2.10942e-015
537   1.77636e-015
538   2.10942e-015
539   1.77636e-015
540   1.9984e-015
541   1.77636e-015
542   2.10942e-015
543   1.77636e-015
544   2.10942e-015
545   1.77636e-015
546   1.9984e-015
547   1.88738e-015
548   2.10942e-015
549   1.88738e-015
550   2.10942e-015
551   1.77636e-015
552   2.10942e-015
553   1.88738e-015
554   2.10942e-015
555   1.88738e-015
556   2.10942e-015
557   1.77636e-015
558   1.9984e-015
559   1.77636e-015
560   2.10942e-015
561   1.88738e-015
562   1.9984e-015
563   1.88738e-015
564   2.10942e-015
565   1.88738e-015
566   2.10942e-015
567   1.77636e-015
568   2.10942e-015
569   1.77636e-015
570   1.9984e-015
571   1.77636e-015
572   2.10942e-015
573   1.88738e-015
574   1.9984e-015
575   1.88738e-015
576   1.9984e-015
577   1.77636e-015
578   2.10942e-015
579   1.77636e-015
580   2.10942e-015
581   1.88738e-015
582   2.10942e-015
583   1.77636e-015
584   2.10942e-015
585   1.88738e-015
586   1.9984e-015
587   1.88738e-015
588   2.10942e-015
589   1.77636e-015
590   2.10942e-015
591   1.77636e-015
592   2.22045e-015
593   1.77636e-015
594   2.10942e-015
595   1.77636e-015
596   2.10942e-015
597   1.77636e-015
598   2.10942e-015
599   1.77636e-015
600   2.10942e-015
601   1.77636e-015
602   2.10942e-015
603   1.77636e-015
604   2.10942e-015
605   1.77636e-015
606   1.9984e-015
607   1.77636e-015
608   2.10942e-015
609   1.77636e-015
610   2.10942e-015
611   1.77636e-015
612   2.10942e-015
613   1.88738e-015
614   2.10942e-015
615   1.88738e-015
616   2.10942e-015
617   1.88738e-015
618   2.10942e-015
619   1.88738e-015
620   2.10942e-015
621   1.77636e-015
622   1.9984e-015
623   1.77636e-015
624   2.10942e-015
625   1.77636e-015
626   2.10942e-015
627   1.88738e-015
628   1.9984e-015
629   1.88738e-015
630   2.10942e-015
631   1.77636e-015
632   2.10942e-015
633   1.88738e-015
634   1.9984e-015
635   1.88738e-015
636   2.10942e-015
637   1.77636e-015
638   2.10942e-015
639   1.77636e-015
640   2.10942e-015
641   1.88738e-015
642   2.10942e-015
643   1.88738e-015
644   2.10942e-015
645   1.77636e-015
646   1.9984e-015
647   1.88738e-015
648   2.10942e-015
649   1.77636e-015
650   2.10942e-015
651   1.88738e-015
652   2.10942e-015
653   1.88738e-015
654   2.10942e-015
655   1.88738e-015
656   2.10942e-015
657   1.88738e-015
658   2.10942e-015
659   1.88738e-015
660   2.10942e-015
661   1.77636e-015
662   1.9984e-015
663   1.77636e-015
664   2.10942e-015
665   1.77636e-015
666   2.10942e-015
667   1.77636e-015
668   2.10942e-015
669   1.77636e-015
670   2.10942e-015
671   1.88738e-015
672   2.10942e-015
673   1.88738e-015
674   1.9984e-015
675   1.88738e-015
676   2.10942e-015
677   1.88738e-015
678   2.10942e-015
679   1.88738e-015
680   2.10942e-015
681   1.77636e-015
682   2.10942e-015
683   1.77636e-015
684   2.10942e-015
685   1.88738e-015
686   2.10942e-015
687   1.77636e-015
688   2.10942e-015
689   1.88738e-015
690   2.10942e-015
691   1.77636e-015
692   2.10942e-015
693   1.88738e-015
694   2.22045e-015
695   1.77636e-015
696   2.10942e-015
697   1.77636e-015
698   2.10942e-015
699   1.77636e-015
700   2.10942e-015
701   1.88738e-015
702   2.10942e-015
703   1.77636e-015
704   2.10942e-015
705   1.88738e-015
706   2.10942e-015
707   1.88738e-015
708   2.10942e-015
709   1.88738e-015
710   2.10942e-015
711   1.77636e-015
712   2.10942e-015
713   1.77636e-015
714   1.9984e-015
715   1.77636e-015
716   2.10942e-015
717   1.88738e-015
718   1.9984e-015
719   1.88738e-015
720   2.10942e-015
721   1.77636e-015
722   1.9984e-015
723   1.77636e-015
724   1.9984e-015
725   1.88738e-015
726   1.9984e-015
727   1.77636e-015
728   2.10942e-015
729   1.77636e-015
730   2.10942e-015
731   1.77636e-015
732   1.9984e-015
733   1.77636e-015
734   2.10942e-015
735   1.77636e-015
736   2.10942e-015
737   1.77636e-015
738   1.9984e-015
739   1.77636e-015
740   2.10942e-015
741   1.77636e-015
742   1.9984e-015
743   1.88738e-015
744   2.10942e-015
745   1.88738e-015
746   2.10942e-015
747   1.77636e-015
748   1.9984e-015
749   1.88738e-015
750   2.10942e-015
751   1.77636e-015
752   2.10942e-015
753   1.77636e-015
754   1.9984e-015
755   1.88738e-015
756   2.10942e-015
757   1.88738e-015
758   2.10942e-015
759   1.77636e-015
760   2.10942e-015
761   1.77636e-015
762   2.10942e-015
763   1.77636e-015
764   1.9984e-015
765   1.77636e-015
766   2.10942e-015
767   1.88738e-015
768   2.10942e-015
769   1.88738e-015
770   1.9984e-015
771   1.77636e-015
772   2.10942e-015
773   1.88738e-015
774   2.10942e-015
775   1.88738e-015
776   1.9984e-015
777   1.88738e-015
778   2.10942e-015
779   1.77636e-015
780   2.10942e-015
781   1.77636e-015
782   1.9984e-015
783   1.88738e-015
784   2.10942e-015
785   1.77636e-015
786   2.10942e-015
787   1.77636e-015
788   2.10942e-015
789   1.77636e-015
790   1.9984e-015
791   1.77636e-015
792   2.10942e-015
793   1.77636e-015
794   2.10942e-015
795   1.77636e-015
796   2.10942e-015
797   1.88738e-015
798   2.10942e-015
799   1.77636e-015
800   2.10942e-015
801   1.77636e-015
802   2.10942e-015
803   1.77636e-015
804   2.22045e-015
805   1.88738e-015
806   2.10942e-015
807   1.77636e-015
808   1.9984e-015
809   1.88738e-015
810   2.22045e-015
811   1.77636e-015
812   2.22045e-015
813   1.77636e-015
814   2.10942e-015
815   1.88738e-015
816   2.10942e-015
817   1.88738e-015
818   2.10942e-015
819   1.77636e-015
820   2.10942e-015
821   1.88738e-015
822   1.9984e-015
823   1.77636e-015
824   2.10942e-015
825   1.77636e-015
826   2.10942e-015
827   1.77636e-015
828   2.10942e-015
829   1.88738e-015
830   2.10942e-015
831   1.77636e-015
832   2.10942e-015
833   1.77636e-015
834   2.10942e-015
835   1.77636e-015
836   2.10942e-015
837   1.88738e-015
838   2.10942e-015
839   1.77636e-015
840   2.10942e-015
841   1.77636e-015
842   2.10942e-015
843   1.77636e-015
844   1.9984e-015
845   1.88738e-015
846   2.10942e-015
847   1.88738e-015
848   2.10942e-015
849   1.88738e-015
850   1.9984e-015
851   1.77636e-015
852   2.10942e-015
853   1.77636e-015
854   1.9984e-015
855   1.77636e-015
856   2.10942e-015
857   1.77636e-015
858   1.9984e-015
859   1.77636e-015
860   1.9984e-015
861   1.77636e-015
862   2.10942e-015
863   1.77636e-015
864   2.10942e-015
865   1.77636e-015
866   2.10942e-015
867   1.77636e-015
868   2.10942e-015
869   1.77636e-015
870   1.9984e-015
871   1.77636e-015
872   2.10942e-015
873   1.77636e-015
874   1.9984e-015
875   1.77636e-015
876   2.10942e-015
877   1.77636e-015
878   1.9984e-015
879   1.88738e-015
880   2.10942e-015
881   1.77636e-015
882   2.10942e-015
883   1.88738e-015
884   2.10942e-015
885   1.77636e-015
886   2.10942e-015
887   1.77636e-015
888   1.9984e-015
889   1.88738e-015
890   2.10942e-015
891   1.77636e-015
892   2.10942e-015
893   1.77636e-015
894   2.10942e-015
895   1.77636e-015
896   1.9984e-015
897   1.77636e-015
898   2.10942e-015
899   1.77636e-015
900   2.10942e-015
901   1.77636e-015
902   2.10942e-015
903   1.77636e-015
904   2.10942e-015
905   1.77636e-015
906   2.10942e-015
907   1.77636e-015
908   2.22045e-015
909   1.88738e-015
910   2.10942e-015
911   1.77636e-015
912   1.9984e-015
913   1.88738e-015
914   2.10942e-015
915   1.88738e-015
916   2.10942e-015
917   1.88738e-015
918   1.9984e-015
919   1.88738e-015
920   2.10942e-015
921   1.88738e-015
922   2.10942e-015
923   1.77636e-015
924   2.10942e-015
925   1.77636e-015
926   1.9984e-015
927   1.88738e-015
928   2.22045e-015
929   1.88738e-015
930   2.10942e-015
931   1.88738e-015
932   1.9984e-015
933   1.77636e-015
934   2.10942e-015
935   1.77636e-015
936   2.10942e-015
937   1.77636e-015
938   2.10942e-015
939   1.88738e-015
940   2.10942e-015
941   1.77636e-015
942   2.10942e-015
943   1.88738e-015
944   2.10942e-015
945   1.88738e-015
946   2.10942e-015
947   1.88738e-015
948   2.10942e-015
949   1.88738e-015
950   1.9984e-015
951   1.77636e-015
952   2.10942e-015
953   1.88738e-015
954   2.10942e-015
955   1.77636e-015
956   2.10942e-015
957   1.88738e-015
958   2.10942e-015
959   1.77636e-015
960   2.10942e-015
961   1.77636e-015
962   2.10942e-015
963   1.77636e-015
964   1.9984e-015
965   1.77636e-015
966   2.10942e-015
967   1.77636e-015
968   2.10942e-015
969   1.77636e-015
970   1.9984e-015
971   1.77636e-015
972   1.9984e-015
973   1.88738e-015
974   2.10942e-015
975   1.77636e-015
976   2.10942e-015
977   1.77636e-015
978   1.9984e-015
979   1.77636e-015
980   2.10942e-015
981   1.77636e-015
982   2.10942e-015
983   1.77636e-015
984   1.9984e-015
985   1.88738e-015
986   1.9984e-015
987   1.77636e-015
988   2.10942e-015
989   1.88738e-015
990   2.10942e-015
991   1.77636e-015
992   2.10942e-015
993   1.77636e-015
994   1.9984e-015
995   1.88738e-015
996   2.10942e-015
997   1.77636e-015
998   2.10942e-015
999   1.77636e-015
1000   1.9984e-015
