1   0.47653
2   0.457877
3   0.444054
4   0.43266
5   0.422823
6   0.414125
7   0.406292
8   0.399166
9   0.392612
10   0.386549
11   0.380909
12   0.375637
13   0.370687
14   0.366027
15   0.361634
16   0.357477
17   0.353541
18   0.349814
19   0.346273
20   0.34291
21   0.339719
22   0.336693
23   0.33382
24   0.331095
25   0.328484
26   0.325892
27   0.32331
28   0.320737
29   0.318171
30   0.315609
31   0.313056
32   0.310507
33   0.30796
34   0.305414
35   0.30287
36   0.300333
37   0.297798
38   0.295264
39   0.292732
40   0.290209
41   0.287686
42   0.285165
43   0.282655
44   0.280145
45   0.277641
46   0.275145
47   0.272651
48   0.270169
49   0.26769
50   0.265221
51   0.262759
52   0.260305
53   0.25786
54   0.255424
55   0.252998
56   0.250581
57   0.248174
58   0.245779
59   0.243393
60   0.241021
61   0.238656
62   0.236308
63   0.233968
64   0.231642
65   0.229329
66   0.227027
67   0.22474
68   0.222464
69   0.220203
70   0.217956
71   0.21572
72   0.213502
73   0.211295
74   0.209102
75   0.206926
76   0.204763
77   0.202613
78   0.20048
79   0.198361
80   0.196255
81   0.194167
82   0.192093
83   0.190033
84   0.187989
85   0.185961
86   0.183947
87   0.181947
88   0.179965
89   0.177998
90   0.176044
91   0.174107
92   0.172187
93   0.17028
94   0.168388
95   0.166513
96   0.164654
97   0.162809
98   0.160979
99   0.159165
100   0.157367
101   0.155584
102   0.153816
103   0.152062
104   0.150326
105   0.148604
106   0.146897
107   0.145204
108   0.143527
109   0.141866
110   0.140219
111   0.138587
112   0.136969
113   0.135368
114   0.133781
115   0.132208
116   0.13065
117   0.129106
118   0.127577
119   0.126064
120   0.124564
121   0.123078
122   0.121607
123   0.120149
124   0.118707
125   0.117278
126   0.115864
127   0.114463
128   0.113075
129   0.111702
130   0.110343
131   0.108997
132   0.107665
133   0.106346
134   0.105041
135   0.103748
136   0.10247
137   0.101205
138   0.0999523
139   0.0987128
140   0.097486
141   0.0962719
142   0.0950706
143   0.0938828
144   0.0927073
145   0.0915442
146   0.0903934
147   0.0892548
148   0.0881282
149   0.0870138
150   0.0859122
151   0.0848225
152   0.0837445
153   0.0826783
154   0.0816236
155   0.0805805
156   0.0795489
157   0.0785287
158   0.0775205
159   0.0765234
160   0.0755375
161   0.0745626
162   0.0735986
163   0.0726454
164   0.071703
165   0.0707713
166   0.0698506
167   0.0689407
168   0.0680411
169   0.0671519
170   0.0662729
171   0.0654041
172   0.0645453
173   0.0636965
174   0.0628577
175   0.0620287
176   0.0612099
177   0.0604007
178   0.0596011
179   0.0588109
180   0.0580301
181   0.0572586
182   0.0564963
183   0.0557431
184   0.054999
185   0.0542639
186   0.0535379
187   0.0528208
188   0.0521123
189   0.0514126
190   0.0507213
191   0.0500385
192   0.049364
193   0.0486979
194   0.04804
195   0.0473901
196   0.0467484
197   0.0461146
198   0.0454889
199   0.044871
200   0.0442609
201   0.0436584
202   0.0430635
203   0.0424761
204   0.041896
205   0.0413233
206   0.0407578
207   0.0401995
208   0.0396483
209   0.0391042
210   0.0385669
211   0.0380366
212   0.0375132
213   0.0369966
214   0.0364866
215   0.0359831
216   0.0354862
217   0.0349957
218   0.0345115
219   0.0340337
220   0.033562
221   0.0330965
222   0.032637
223   0.0321836
224   0.0317361
225   0.0312944
226   0.0308586
227   0.0304285
228   0.0300042
229   0.0295855
230   0.0291723
231   0.0287646
232   0.0283623
233   0.0279653
234   0.0275736
235   0.0271872
236   0.0268058
237   0.0264296
238   0.0260584
239   0.0256922
240   0.0253309
241   0.0249744
242   0.0246227
243   0.0242758
244   0.0239335
245   0.0235959
246   0.0232628
247   0.0229342
248   0.0226101
249   0.0222905
250   0.0219752
251   0.0216641
252   0.0213573
253   0.0210547
254   0.0207562
255   0.0204618
256   0.0201714
257   0.019885
258   0.0196025
259   0.0193238
260   0.019049
261   0.018778
262   0.0185107
263   0.0182471
264   0.0179871
265   0.0177307
266   0.0174778
267   0.0172284
268   0.0169825
269   0.01674
270   0.0165008
271   0.016265
272   0.0160324
273   0.0158031
274   0.0155769
275   0.015354
276   0.0151341
277   0.0149173
278   0.0147035
279   0.0144927
280   0.0142849
281   0.0140799
282   0.0138779
283   0.0136786
284   0.0134822
285   0.0132885
286   0.0130975
287   0.0129092
288   0.0127235
289   0.0125405
290   0.01236
291   0.0121821
292   0.0120066
293   0.0118337
294   0.0116632
295   0.0114951
296   0.0113293
297   0.0111659
298   0.0110048
299   0.010846
300   0.0106895
301   0.0105351
302   0.010383
303   0.010233
304   0.0100851
305   0.00993936
306   0.00979566
307   0.00965401
308   0.00951436
309   0.00937671
310   0.00924101
311   0.00910724
312   0.00897538
313   0.0088454
314   0.00871727
315   0.00859097
316   0.00846649
317   0.00834378
318   0.00822282
319   0.00810359
320   0.00798607
321   0.00787023
322   0.00775604
323   0.00764349
324   0.00753255
325   0.00742319
326   0.00731541
327   0.00720917
328   0.00710445
329   0.00700124
330   0.0068995
331   0.00679923
332   0.0067004
333   0.00660298
334   0.00650697
335   0.00641234
336   0.00631906
337   0.00622713
338   0.00613652
339   0.00604722
340   0.0059592
341   0.00587245
342   0.00578695
343   0.00570269
344   0.00561963
345   0.00553778
346   0.0054571
347   0.00537759
348   0.00529923
349   0.005222
350   0.00514588
351   0.00507087
352   0.00499693
353   0.00492407
354   0.00485226
355   0.00478149
356   0.00471174
357   0.004643
358   0.00457526
359   0.00450849
360   0.0044427
361   0.00437785
362   0.00431395
363   0.00425097
364   0.0041889
365   0.00412773
366   0.00406745
367   0.00400805
368   0.0039495
369   0.00389181
370   0.00383495
371   0.00377892
372   0.0037237
373   0.00366928
374   0.00361565
375   0.0035628
376   0.00351072
377   0.0034594
378   0.00340882
379   0.00335898
380   0.00330986
381   0.00326146
382   0.00321376
383   0.00316675
384   0.00312043
385   0.00307478
386   0.00302979
387   0.00298546
388   0.00294178
389   0.00289873
390   0.00285631
391   0.0028145
392   0.00277331
393   0.00273271
394   0.00269271
395   0.00265329
396   0.00261444
397   0.00257616
398   0.00253844
399   0.00250127
400   0.00246464
401   0.00242854
402   0.00239297
403   0.00235792
404   0.00232338
405   0.00228935
406   0.00225581
407   0.00222276
408   0.00219019
409   0.0021581
410   0.00212648
411   0.00209532
412   0.00206461
413   0.00203435
414   0.00200454
415   0.00197516
416   0.00194621
417   0.00191768
418   0.00188957
419   0.00186187
420   0.00183457
421   0.00180768
422   0.00178117
423   0.00175506
424   0.00172932
425   0.00170396
426   0.00167898
427   0.00165435
428   0.00163009
429   0.00160619
430   0.00158263
431   0.00155942
432   0.00153654
433   0.001514
434   0.00149179
435   0.00146991
436   0.00144835
437   0.0014271
438   0.00140616
439   0.00138553
440   0.0013652
441   0.00134517
442   0.00132543
443   0.00130598
444   0.00128682
445   0.00126794
446   0.00124933
447   0.00123099
448   0.00121293
449   0.00119513
450   0.00117759
451   0.0011603
452   0.00114327
453   0.00112649
454   0.00110995
455   0.00109366
456   0.00107761
457   0.00106179
458   0.0010462
459   0.00103084
460   0.00101571
461   0.0010008
462   0.000986102
463   0.000971624
464   0.000957358
465   0.000943301
466   0.000929451
467   0.000915803
468   0.000902355
469   0.000889105
470   0.000876049
471   0.000863184
472   0.000850508
473   0.000838018
474   0.000825711
475   0.000813584
476   0.000801636
477   0.000789862
478   0.000778261
479   0.000766831
480   0.000755568
481   0.00074447
482   0.000733535
483   0.000722761
484   0.000712144
485   0.000701683
486   0.000691376
487   0.00068122
488   0.000671213
489   0.000661353
490   0.000651638
491   0.000642065
492   0.000632632
493   0.000623338
494   0.000614181
495   0.000605157
496   0.000596267
497   0.000587506
498   0.000578875
499   0.00057037
500   0.000561989
501   0.000553732
502   0.000545596
503   0.00053758
504   0.000529681
505   0.000521898
506   0.000514229
507   0.000506673
508   0.000499228
509   0.000491892
510   0.000484664
511   0.000477542
512   0.000470525
513   0.000463611
514   0.000456798
515   0.000450085
516   0.000443471
517   0.000436954
518   0.000430532
519   0.000424205
520   0.000417971
521   0.000411828
522   0.000405776
523   0.000399812
524   0.000393936
525   0.000388147
526   0.000382442
527   0.000376821
528   0.000371283
529   0.000365826
530   0.000360449
531   0.000355151
532   0.000349931
533   0.000344788
534   0.00033972
535   0.000334727
536   0.000329807
537   0.000324959
538   0.000320183
539   0.000315477
540   0.00031084
541   0.00030627
542   0.000301769
543   0.000297333
544   0.000292962
545   0.000288656
546   0.000284413
547   0.000280232
548   0.000276113
549   0.000272054
550   0.000268055
551   0.000264114
552   0.000260232
553   0.000256406
554   0.000252637
555   0.000248923
556   0.000245264
557   0.000241658
558   0.000238106
559   0.000234605
560   0.000231156
561   0.000227758
562   0.00022441
563   0.000221111
564   0.00021786
565   0.000214657
566   0.000211502
567   0.000208392
568   0.000205329
569   0.00020231
570   0.000199336
571   0.000196405
572   0.000193518
573   0.000190673
574   0.000187869
575   0.000185107
576   0.000182386
577   0.000179704
578   0.000177062
579   0.000174459
580   0.000171894
581   0.000169367
582   0.000166877
583   0.000164423
584   0.000162006
585   0.000159624
586   0.000157277
587   0.000154964
588   0.000152686
589   0.000150441
590   0.000148229
591   0.00014605
592   0.000143902
593   0.000141787
594   0.000139702
595   0.000137648
596   0.000135624
597   0.00013363
598   0.000131665
599   0.000129729
600   0.000127822
601   0.000125942
602   0.00012409
603   0.000122266
604   0.000120468
605   0.000118697
606   0.000116951
607   0.000115232
608   0.000113537
609   0.000111868
610   0.000110223
611   0.000108602
612   0.000107006
613   0.000105432
614   0.000103882
615   0.000102354
616   0.000100849
617   9.93664e-005
618   9.79053e-005
619   9.64657e-005
620   9.50472e-005
621   9.36496e-005
622   9.22725e-005
623   9.09157e-005
624   8.95789e-005
625   8.82617e-005
626   8.69638e-005
627   8.56851e-005
628   8.44251e-005
629   8.31837e-005
630   8.19605e-005
631   8.07553e-005
632   7.95678e-005
633   7.83978e-005
634   7.7245e-005
635   7.61091e-005
636   7.49899e-005
637   7.38872e-005
638   7.28007e-005
639   7.17302e-005
640   7.06754e-005
641   6.96361e-005
642   6.86121e-005
643   6.76032e-005
644   6.66091e-005
645   6.56296e-005
646   6.46645e-005
647   6.37136e-005
648   6.27767e-005
649   6.18535e-005
650   6.0944e-005
651   6.00478e-005
652   5.91648e-005
653   5.82947e-005
654   5.74375e-005
655   5.65929e-005
656   5.57607e-005
657   5.49407e-005
658   5.41328e-005
659   5.33367e-005
660   5.25524e-005
661   5.17796e-005
662   5.10181e-005
663   5.02679e-005
664   4.95287e-005
665   4.88004e-005
666   4.80827e-005
667   4.73756e-005
668   4.6679e-005
669   4.59925e-005
670   4.53162e-005
671   4.46498e-005
672   4.39932e-005
673   4.33462e-005
674   4.27088e-005
675   4.20807e-005
676   4.14619e-005
677   4.08522e-005
678   4.02514e-005
679   3.96595e-005
680   3.90763e-005
681   3.85016e-005
682   3.79354e-005
683   3.73776e-005
684   3.68279e-005
685   3.62863e-005
686   3.57527e-005
687   3.52269e-005
688   3.47089e-005
689   3.41985e-005
690   3.36956e-005
691   3.32e-005
692   3.27118e-005
693   3.22308e-005
694   3.17568e-005
695   3.12898e-005
696   3.08296e-005
697   3.03762e-005
698   2.99295e-005
699   2.94894e-005
700   2.90557e-005
701   2.86284e-005
702   2.82074e-005
703   2.77926e-005
704   2.73839e-005
705   2.69812e-005
706   2.65844e-005
707   2.61934e-005
708   2.58082e-005
709   2.54287e-005
710   2.50547e-005
711   2.46863e-005
712   2.43232e-005
713   2.39656e-005
714   2.36131e-005
715   2.32659e-005
716   2.29237e-005
717   2.25866e-005
718   2.22544e-005
719   2.19271e-005
720   2.16047e-005
721   2.1287e-005
722   2.09739e-005
723   2.06655e-005
724   2.03616e-005
725   2.00621e-005
726   1.97671e-005
727   1.94764e-005
728   1.919e-005
729   1.89077e-005
730   1.86297e-005
731   1.83557e-005
732   1.80858e-005
733   1.78198e-005
734   1.75577e-005
735   1.72995e-005
736   1.70451e-005
737   1.67944e-005
738   1.65475e-005
739   1.63041e-005
740   1.60643e-005
741   1.58281e-005
742   1.55953e-005
743   1.5366e-005
744   1.514e-005
745   1.49173e-005
746   1.4698e-005
747   1.44818e-005
748   1.42688e-005
749   1.4059e-005
750   1.38522e-005
751   1.36485e-005
752   1.34478e-005
753   1.325e-005
754   1.30552e-005
755   1.28632e-005
756   1.2674e-005
757   1.24876e-005
758   1.2304e-005
759   1.2123e-005
760   1.19447e-005
761   1.17691e-005
762   1.1596e-005
763   1.14255e-005
764   1.12574e-005
765   1.10919e-005
766   1.09288e-005
767   1.0768e-005
768   1.06097e-005
769   1.04536e-005
770   1.02999e-005
771   1.01484e-005
772   9.99919e-006
773   9.85214e-006
774   9.70725e-006
775   9.56449e-006
776   9.42383e-006
777   9.28524e-006
778   9.14869e-006
779   9.01414e-006
780   8.88158e-006
781   8.75096e-006
782   8.62226e-006
783   8.49546e-006
784   8.37052e-006
785   8.24742e-006
786   8.12613e-006
787   8.00662e-006
788   7.88888e-006
789   7.77286e-006
790   7.65855e-006
791   7.54592e-006
792   7.43494e-006
793   7.3256e-006
794   7.21787e-006
795   7.11172e-006
796   7.00713e-006
797   6.90408e-006
798   6.80254e-006
799   6.7025e-006
800   6.60393e-006
801   6.50681e-006
802   6.41112e-006
803   6.31683e-006
804   6.22393e-006
805   6.1324e-006
806   6.04222e-006
807   5.95336e-006
808   5.8658e-006
809   5.77954e-006
810   5.69454e-006
811   5.61079e-006
812   5.52828e-006
813   5.44698e-006
814   5.36687e-006
815   5.28794e-006
816   5.21017e-006
817   5.13355e-006
818   5.05805e-006
819   4.98367e-006
820   4.91038e-006
821   4.83816e-006
822   4.76701e-006
823   4.6969e-006
824   4.62783e-006
825   4.55977e-006
826   4.49271e-006
827   4.42664e-006
828   4.36154e-006
829   4.29739e-006
830   4.23419e-006
831   4.17192e-006
832   4.11057e-006
833   4.05012e-006
834   3.99055e-006
835   3.93186e-006
836   3.87404e-006
837   3.81707e-006
838   3.76093e-006
839   3.70562e-006
840   3.65112e-006
841   3.59743e-006
842   3.54452e-006
843   3.49239e-006
844   3.44103e-006
845   3.39043e-006
846   3.34057e-006
847   3.29144e-006
848   3.24303e-006
849   3.19534e-006
850   3.14835e-006
851   3.10204e-006
852   3.05642e-006
853   3.01147e-006
854   2.96719e-006
855   2.92355e-006
856   2.88055e-006
857   2.83819e-006
858   2.79645e-006
859   2.75532e-006
860   2.7148e-006
861   2.67488e-006
862   2.63554e-006
863   2.59678e-006
864   2.55859e-006
865   2.52096e-006
866   2.48389e-006
867   2.44736e-006
868   2.41136e-006
869   2.3759e-006
870   2.34096e-006
871   2.30653e-006
872   2.27261e-006
873   2.23919e-006
874   2.20626e-006
875   2.17381e-006
876   2.14184e-006
877   2.11034e-006
878   2.07931e-006
879   2.04873e-006
880   2.0186e-006
881   1.98891e-006
882   1.95966e-006
883   1.93084e-006
884   1.90244e-006
885   1.87446e-006
886   1.8469e-006
887   1.81974e-006
888   1.79297e-006
889   1.76661e-006
890   1.74062e-006
891   1.71503e-006
892   1.6898e-006
893   1.66495e-006
894   1.64047e-006
895   1.61634e-006
896   1.59257e-006
897   1.56915e-006
898   1.54607e-006
899   1.52333e-006
900   1.50093e-006
901   1.47886e-006
902   1.45711e-006
903   1.43568e-006
904   1.41457e-006
905   1.39376e-006
906   1.37326e-006
907   1.35307e-006
908   1.33317e-006
909   1.31356e-006
910   1.29424e-006
911   1.27521e-006
912   1.25646e-006
913   1.23798e-006
914   1.21977e-006
915   1.20183e-006
916   1.18416e-006
917   1.16674e-006
918   1.14958e-006
919   1.13268e-006
920   1.11602e-006
921   1.09961e-006
922   1.08344e-006
923   1.0675e-006
924   1.0518e-006
925   1.03633e-006
926   1.02109e-006
927   1.00608e-006
928   9.9128e-007
929   9.76702e-007
930   9.62338e-007
931   9.48185e-007
932   9.3424e-007
933   9.20501e-007
934   9.06963e-007
935   8.93625e-007
936   8.80483e-007
937   8.67534e-007
938   8.54775e-007
939   8.42204e-007
940   8.29818e-007
941   8.17615e-007
942   8.0559e-007
943   7.93743e-007
944   7.82069e-007
945   7.70568e-007
946   7.59235e-007
947   7.48069e-007
948   7.37068e-007
949   7.26228e-007
950   7.15548e-007
951   7.05024e-007
952   6.94656e-007
953   6.8444e-007
954   6.74374e-007
955   6.64456e-007
956   6.54684e-007
957   6.45056e-007
958   6.35569e-007
959   6.26222e-007
960   6.17013e-007
961   6.07938e-007
962   5.98998e-007
963   5.90188e-007
964   5.81509e-007
965   5.72957e-007
966   5.6453e-007
967   5.56228e-007
968   5.48048e-007
969   5.39988e-007
970   5.32047e-007
971   5.24222e-007
972   5.16512e-007
973   5.08916e-007
974   5.01432e-007
975   4.94057e-007
976   4.86791e-007
977   4.79632e-007
978   4.72579e-007
979   4.65628e-007
980   4.58781e-007
981   4.52034e-007
982   4.45386e-007
983   4.38835e-007
984   4.32382e-007
985   4.26023e-007
986   4.19757e-007
987   4.13584e-007
988   4.07502e-007
989   4.01509e-007
990   3.95604e-007
991   3.89786e-007
992   3.84053e-007
993   3.78405e-007
994   3.7284e-007
995   3.67357e-007
996   3.61954e-007
997   3.56631e-007
998   3.51386e-007
999   3.46219e-007
1000   3.41127e-007
